function rgb=nemo_cmap_volch
%NEMO_CMAP_VOLCH Colormap for ZM volume change [-2500 2500] m3/m.
%
% see also: nemo

%% Copyright notice
%   --------------------------------------------------------------------
%   Copyright (C) 2016-2021 TU Delft
%       Bart Roest
%
%       l.w.m.roest@tudelft.nl
%
%       Stevinweg 1
%       2628CN Delft
%
%   This library is free software: you can redistribute it and/or modify
%   it under the terms of the GNU General Public License as published by
%   the Free Software Foundation, either version 3 of the License, or
%   (at your option) any later version.
%
%   This library is distributed in the hope that it will be useful,
%   but WITHOUT ANY WARRANTY; without even the implied warranty of
%   MERCHANTABILITY or FITNESS FOR A PARTICULAR PURPOSE.  See the
%   GNU General Public License for more details.
%
%   You should have received a copy of the GNU General Public License
%   along with this library.  If not, see <http://www.gnu.org/licenses/>.
%   --------------------------------------------------------------------

%% Version <http://svnbook.red-bean.com/en/1.5/svn.advanced.props.special.keywords.html>

% $Id: $
% $Date: $
% $Author: $
% $Revision: $
% $HeadURL: $
% $Keywords: $
%% Code
rgb=[
    0                  0                  0.164705887436867
    0                  0                  0.164705887436867
    0                  0                  0.164705887436867
    0                  0                  0.164705887436867
    0                  0                  0.164705887436867
    0                  0                  0.164705887436867
    0                  0                  0.164705887436867
    0                  0                  0.164705887436867
    0                  0                  0.164705887436867
    0                  0                  0.164705887436867
    0.0196078438311815 0.188235297799110  0.380392163991928
    0.0196078438311815 0.188235297799110  0.380392163991928
    0.0196078438311815 0.188235297799110  0.380392163991928
    0.0196078438311815 0.188235297799110  0.380392163991928
    0.0196078438311815 0.188235297799110  0.380392163991928
    0.0196078438311815 0.188235297799110  0.380392163991928
    0.0196078438311815 0.188235297799110  0.380392163991928
    0.0196078438311815 0.188235297799110  0.380392163991928
    0.0196078438311815 0.188235297799110  0.380392163991928
    0.0196078438311815 0.188235297799110  0.380392163991928
    0.129411771893501  0.400000005960465  0.674509823322296
    0.129411771893501  0.400000005960465  0.674509823322296
    0.129411771893501  0.400000005960465  0.674509823322296
    0.129411771893501  0.400000005960465  0.674509823322296
    0.129411771893501  0.400000005960465  0.674509823322296
    0.129411771893501  0.400000005960465  0.674509823322296
    0.129411771893501  0.400000005960465  0.674509823322296
    0.129411771893501  0.400000005960465  0.674509823322296
    0.129411771893501  0.400000005960465  0.674509823322296
    0.129411771893501  0.400000005960465  0.674509823322296
    0.262745112180710  0.576470613479614  0.764705896377564
    0.262745112180710  0.576470613479614  0.764705896377564
    0.262745112180710  0.576470613479614  0.764705896377564
    0.262745112180710  0.576470613479614  0.764705896377564
    0.262745112180710  0.576470613479614  0.764705896377564
    0.262745112180710  0.576470613479614  0.764705896377564
    0.262745112180710  0.576470613479614  0.764705896377564
    0.262745112180710  0.576470613479614  0.764705896377564
    0.262745112180710  0.576470613479614  0.764705896377564
    0.262745112180710  0.576470613479614  0.764705896377564
    0.572549045085907  0.772549033164978  0.870588243007660
    0.572549045085907  0.772549033164978  0.870588243007660
    0.572549045085907  0.772549033164978  0.870588243007660
    0.572549045085907  0.772549033164978  0.870588243007660
    0.572549045085907  0.772549033164978  0.870588243007660
    0.572549045085907  0.772549033164978  0.870588243007660
    0.819607853889465  0.898039221763611  0.941176474094391
    0.819607853889465  0.898039221763611  0.941176474094391
    0.819607853889465  0.898039221763611  0.941176474094391
    0.968627452850342  0.968627452850342  0.968627452850342
    0.968627452850342  0.968627452850342  0.968627452850342
    0.992156863212585  0.858823537826538  0.780392169952393
    0.992156863212585  0.858823537826538  0.780392169952393
    0.992156863212585  0.858823537826538  0.780392169952393
    0.956862747669220  0.647058844566345  0.509803950786591
    0.956862747669220  0.647058844566345  0.509803950786591
    0.956862747669220  0.647058844566345  0.509803950786591
    0.956862747669220  0.647058844566345  0.509803950786591
    0.956862747669220  0.647058844566345  0.509803950786591
    0.956862747669220  0.647058844566345  0.509803950786591
    0.839215695858002  0.376470595598221  0.301960796117783
    0.839215695858002  0.376470595598221  0.301960796117783
    0.839215695858002  0.376470595598221  0.301960796117783
    0.839215695858002  0.376470595598221  0.301960796117783
    0.839215695858002  0.376470595598221  0.301960796117783
    0.839215695858002  0.376470595598221  0.301960796117783
    0.839215695858002  0.376470595598221  0.301960796117783
    0.839215695858002  0.376470595598221  0.301960796117783
    0.839215695858002  0.376470595598221  0.301960796117783
    0.839215695858002  0.376470595598221  0.301960796117783
    0.698039233684540  0.0941176488995552 0.168627455830574
    0.698039233684540  0.0941176488995552 0.168627455830574
    0.698039233684540  0.0941176488995552 0.168627455830574
    0.698039233684540  0.0941176488995552 0.168627455830574
    0.698039233684540  0.0941176488995552 0.168627455830574
    0.698039233684540  0.0941176488995552 0.168627455830574
    0.698039233684540  0.0941176488995552 0.168627455830574
    0.698039233684540  0.0941176488995552 0.168627455830574
    0.698039233684540  0.0941176488995552 0.168627455830574
    0.698039233684540  0.0941176488995552 0.168627455830574
    0.403921574354172  0                  0.121568627655506
    0.403921574354172  0                  0.121568627655506
    0.403921574354172  0                  0.121568627655506
    0.403921574354172  0                  0.121568627655506
    0.403921574354172  0                  0.121568627655506
    0.403921574354172  0                  0.121568627655506
    0.403921574354172  0                  0.121568627655506
    0.403921574354172  0                  0.121568627655506
    0.403921574354172  0                  0.121568627655506
    0.403921574354172  0                  0.121568627655506
    0.164705887436867  0                  0
    0.164705887436867  0                  0
    0.164705887436867  0                  0
    0.164705887436867  0                  0
    0.164705887436867  0                  0
    0.164705887436867  0                  0
    0.164705887436867  0                  0
    0.164705887436867  0                  0
    0.164705887436867  0                  0
    0.164705887436867  0                  0];
end